=== Tux Model Inspection ===
Total meshes: 3

--- Mesh 0 ---
Vertices: 3235
Faces:    5768
Edges:    8997

Vertices:
  [   0] ( 0.0181,  0.1263,  0.0034)
  [   1] ( 0.0106,  0.1505,  0.0114)
  [   2] ( 0.0071,  0.1441,  0.0118)
  [   3] ( 0.0094,  0.1414,  0.0110)
  [   4] ( 0.0080,  0.1474,  0.0120)
  [   5] ( 0.0034,  0.1739, -0.0454)
  [   6] ( 0.0100,  0.1726, -0.0441)
  [   7] ( 0.0111,  0.1623, -0.0484)
  [   8] ( 0.0038,  0.1631, -0.0499)
  [   9] ( 0.0161,  0.1689,  0.0039)
  ... (3220 vertices omitted) ...
  [3230] (-0.0139,  0.1476,  0.0102)
  [3231] (-0.0139,  0.1476,  0.0102)
  [3232] (-0.0116,  0.1443,  0.0109)
  [3233] (-0.0088,  0.1425,  0.0114)
  [3234] (-0.0088,  0.1425,  0.0114)

Bounding Box:
  Min: (-0.0558, -0.0013, -0.0694)
  Max: ( 0.0550,  0.1864,  0.0324)
  Size: ( 0.1108,  0.1877,  0.1018)

Faces:
  [   0] (   0, 2044, 2341)
  [   1] (   0, 2341,  736)
  [   2] (   0,  736, 2338)
  [   3] (   0, 2338,  733)
  [   4] (   1, 2296, 2347)
  ... (5760 faces omitted) ...
  [5765] ( 731, 3217, 2313)
  [5766] ( 731, 2313, 3095)
  [5767] ( 731, 3095, 2048)

Edges:
  [   0] (  69,  828)  valence: [8, 4]
  [   1] ( 679, 3154)  valence: [8, 8]
  [   2] ( 682, 3094)  valence: [8, 8]
  [   3] ( 328, 2977)  valence: [8, 6]
  [   4] ( 526, 3036)  valence: [8, 8]
  ... (8989 edges omitted) ...
  [8994] ( 205, 2853)  valence: [8, 5]
  [8995] ( 220, 2663)  valence: [8, 8]
  [8996] ( 319, 2701)  valence: [8, 7]

Vertex Valence Statistics:
  Min: 2, Max: 12, Avg: 5.56
  Total edges: 8997, Total vertices: 3235
  Euler characteristic (V - E + F): 6

--- Mesh 1 ---
Vertices: 536
Faces:    856
Edges:    1397

Vertices:
  [   0] ( 0.0083,  0.1198,  0.0078)
  [   1] ( 0.0028,  0.1168,  0.0088)
  [   2] ( 0.0135,  0.1236,  0.0055)
  [   3] ( 0.0062,  0.1494,  0.0122)
  [   4] ( 0.0042,  0.1510,  0.0117)
  [   5] ( 0.0098,  0.1544,  0.0114)
  [   6] ( 0.0087,  0.1577,  0.0107)
  [   7] ( 0.0144,  0.1545,  0.0096)
  [   8] ( 0.0151,  0.1578,  0.0083)
  [   9] ( 0.0176,  0.1496,  0.0079)
  ... (521 vertices omitted) ...
  [ 531] (-0.0118,  0.1593,  0.0093)
  [ 532] (-0.0179,  0.1557,  0.0066)
  [ 533] (-0.0202,  0.1467,  0.0047)
  [ 534] (-0.0184,  0.1356,  0.0044)
  [ 535] (-0.0024,  0.1452,  0.0111)

Bounding Box:
  Min: (-0.0384,  0.0109, -0.0003)
  Max: ( 0.0381,  0.1597,  0.0269)
  Size: ( 0.0765,  0.1488,  0.0272)

Faces:
  [   0] (   0,  117,  381)
  [   1] (   0,  381,  116)
  [   2] (   0,  116,  379)
  [   3] (   0,  379,  118)
  [   4] (   1,  354,  522)
  ... (848 faces omitted) ...
  [ 853] ( 115,  524,  378)
  [ 854] ( 115,  378,  405)
  [ 855] ( 115,  405,  155)

Edges:
  [   0] ( 376,  525)  valence: [3, 3]
  [   1] (  15,  227)  valence: [8, 3]
  [   2] ( 166,  444)  valence: [3, 5]
  [   3] (  54,  233)  valence: [8, 4]
  [   4] (  89,  315)  valence: [5, 6]
  ... (1389 edges omitted) ...
  [1394] (  39,  478)  valence: [8, 8]
  [1395] (  53,  416)  valence: [8, 8]
  [1396] (  65,  289)  valence: [8, 4]

Vertex Valence Statistics:
  Min: 2, Max: 8, Avg: 5.21
  Total edges: 1397, Total vertices: 536
  Euler characteristic (V - E + F): -5

--- Mesh 2 ---
Vertices: 2065
Faces:    3672
Edges:    5736

Vertices:
  [   0] ( 0.0083,  0.1198,  0.0078)
  [   1] ( 0.0207,  0.1291,  0.0043)
  [   2] ( 0.0028,  0.1168,  0.0088)
  [   3] ( 0.0044,  0.1442,  0.0130)
  [   4] ( 0.0181,  0.1263,  0.0034)
  [   5] ( 0.0188,  0.1352,  0.0050)
  [   6] ( 0.0032,  0.1308,  0.0264)
  [   7] ( 0.0028,  0.1239,  0.0243)
  [   8] ( 0.0143,  0.1279,  0.0128)
  [   9] ( 0.0122,  0.1310,  0.0181)
  ... (2050 vertices omitted) ...
  [2060] (-0.0200,  0.1276,  0.0036)
  [2061] (-0.0160,  0.1249,  0.0053)
  [2062] (-0.0210,  0.1307,  0.0036)
  [2063] (-0.0184,  0.1356,  0.0044)
  [2064] (-0.0024,  0.1452,  0.0111)

Bounding Box:
  Min: (-0.0684, -0.0015, -0.0019)
  Max: ( 0.0685,  0.1454,  0.0299)
  Size: ( 0.1369,  0.1469,  0.0318)

Faces:
  [   0] (   0, 1390, 2003)
  [   1] (   0, 2003,  472)
  [   2] (   0,  473, 2004)
  [   3] (   0, 2004, 1390)
  [   4] (   1, 1389, 2008)
  ... (3664 faces omitted) ...
  [3669] ( 467, 2057, 1485)
  [3670] ( 467, 1485, 2056)
  [3671] ( 467, 2056, 1468)

Edges:
  [   0] (1169, 1769)  valence: [4, 8]
  [   1] ( 302,  814)  valence: [8, 4]
  [   2] ( 304, 1145)  valence: [8, 4]
  [   3] (1409, 2027)  valence: [4, 8]
  [   4] (   3, 1544)  valence: [8, 9]
  ... (5728 edges omitted) ...
  [5733] ( 212,  928)  valence: [8, 4]
  [5734] ( 216, 1027)  valence: [8, 4]
  [5735] (1176, 1772)  valence: [4, 8]

Vertex Valence Statistics:
  Min: 2, Max: 13, Avg: 5.56
  Total edges: 5736, Total vertices: 2065
  Euler characteristic (V - E + F): 1

=== Summary ===
Total vertices: 5836
Total faces:    10296
Total edges:    16130
